4
interval 8
-0.011523478277970435 0 0.050614268145188532
-0.0095599977289635204 0 0.11119051722668721
-0.0063063889189959484 0 0.15685332293894344
-0.0022012157099477975 0 0.18134189168918083
0.0022012157099477975 0 0.18134189168918083
0.0063063889189959484 0 0.15685332293894344
0.0095599977289635204 0 0.11119051722668721
0.011523478277970435 0 0.050614268145188532
hertz 128
0.00036700849261613847 7.3002528114715835e-05 0.00046440033981946837
0.00031113477655560164 0.0002078936112082473 0.00046440033981946837
0.00020789361120824735 0.00031113477655560164 0.00046440033981946837
7.3002528114715862e-05 0.00036700849261613847 0.00046440033981946837
-7.3002528114715808e-05 0.00036700849261613847 0.00046440033981946837
-0.00020789361120824722 0.00031113477655560174 0.00046440033981946837
-0.00031113477655560169 0.0002078936112082473 0.00046440033981946837
-0.00036700849261613847 7.300252811471597e-05 0.00046440033981946837
-0.00036700849261613847 -7.3002528114715875e-05 0.00046440033981946837
-0.00031113477655560174 -0.00020789361120824722 0.00046440033981946837
-0.0002078936112082473 -0.00031113477655560164 0.00046440033981946837
-7.3002528114715984e-05 -0.00036700849261613841 0.00046440033981946837
7.3002528114715848e-05 -0.00036700849261613847 0.00046440033981946837
0.00020789361120824719 -0.00031113477655560174 0.00046440033981946837
0.00031113477655560164 -0.0002078936112082473 0.00046440033981946837
0.00036700849261613841 -7.3002528114716011e-05 0.00046440033981946837
0.0018715717588264011 0.00037227876926906975 0.0050759439593678051
0.0015866419243853232 0.0010601602399014404 0.0050759439593678051
0.0010601602399014406 0.0015866419243853232 0.0050759439593678051
0.00037227876926906992 0.0018715717588264011 0.0050759439593678051
-0.00037227876926906964 0.0018715717588264011 0.0050759439593678051
-0.00106016023990144 0.0015866419243853237 0.0050759439593678051
-0.0015866419243853235 0.0010601602399014404 0.0050759439593678051
-0.0018715717588264011 0.0003722787692690704 0.0050759439593678051
-0.0018715717588264011 -0.00037227876926906997 0.0050759439593678051
-0.0015866419243853237 -0.00106016023990144 0.0050759439593678051
-0.0010601602399014404 -0.0015866419243853232 0.0050759439593678051
-0.00037227876926907051 -0.0018715717588264008 0.0050759439593678051
0.00037227876926906986 -0.0018715717588264011 0.0050759439593678051
0.0010601602399014397 -0.0015866419243853237 0.0050759439593678051
0.0015866419243853232 -0.0010601602399014404 0.0050759439593678051
0.0018715717588264008 -0.00037227876926907062 0.0050759439593678051
0.0042850243342231493 0.00085234433459976955 0.014589987260600127
0.0036326682231799931 0.0024272713053771272 0.014589987260600127
0.0024272713053771276 0.0036326682231799931 0.014589987260600127
0.00085234433459976987 0.0042850243342231493 0.014589987260600127
-0.00085234433459976933 0.0042850243342231493 0.014589987260600127
-0.0024272713053771263 0.0036326682231799939 0.014589987260600127
-0.0036326682231799935 0.0024272713053771272 0.014589987260600127
-0.0042850243342231493 0.00085234433459977106 0.014589987260600127
-0.0042850243342231493 -0.00085234433459976998 0.014589987260600127
-0.0036326682231799939 -0.0024272713053771263 0.014589987260600127
-0.0024272713053771272 -0.0036326682231799931 0.014589987260600127
-0.00085234433459977139 -0.0042850243342231493 0.014589987260600127
0.00085234433459976976 -0.0042850243342231493 0.014589987260600127
0.0024272713053771259 -0.0036326682231799939 0.014589987260600127
0.0036326682231799931 -0.0024272713053771272 0.014589987260600127
0.0042850243342231493 -0.00085234433459977161 0.014589987260600127
0.0070411851614003932 0.0014005788096126714 0.020516425275525111
0.005969228549079616 0.0039885110013530099 0.020516425275525111
0.0039885110013530107 0.005969228549079616 0.020516425275525111
0.001400578809612672 0.0070411851614003932 0.020516425275525111
-0.0014005788096126709 0.0070411851614003932 0.020516425275525111
-0.003988511001353009 0.0059692285490796177 0.020516425275525111
-0.0059692285490796169 0.0039885110013530099 0.020516425275525111
-0.0070411851614003932 0.001400578809612674 0.020516425275525111
-0.0070411851614003932 -0.0014005788096126722 0.020516425275525111
-0.0059692285490796177 -0.003988511001353009 0.020516425275525111
-0.0039885110013530099 -0.005969228549079616 0.020516425275525111
-0.0014005788096126744 -0.0070411851614003923 0.020516425275525111
0.0014005788096126718 -0.0070411851614003932 0.020516425275525111
0.0039885110013530081 -0.0059692285490796177 0.020516425275525111
0.005969228549079616 -0.0039885110013530099 0.020516425275525111
0.0070411851614003923 -0.0014005788096126748 0.020516425275525111
0.0094308556273377201 0.0018759138192495153 0.015317798821588751
0.0079950933489947012 0.0053421505839689248 0.015317798821588751
0.0053421505839689257 0.0079950933489947012 0.015317798821588751
0.0018759138192495162 0.0094308556273377201 0.015317798821588751
-0.0018759138192495149 0.0094308556273377201 0.015317798821588751
-0.0053421505839689231 0.0079950933489947029 0.015317798821588751
-0.0079950933489947029 0.0053421505839689248 0.015317798821588751
-0.0094308556273377201 0.0018759138192495188 0.015317798821588751
-0.0094308556273377201 -0.0018759138192495164 0.015317798821588751
-0.0079950933489947029 -0.0053421505839689231 0.015317798821588751
-0.0053421505839689248 -0.0079950933489947012 0.015317798821588751
-0.0018759138192495195 -0.0094308556273377184 0.015317798821588751
0.001875913819249516 -0.0094308556273377201 0.015317798821588751
0.0053421505839689222 -0.0079950933489947029 0.015317798821588751
0.0079950933489947012 -0.0053421505839689248 0.015317798821588751
0.0094308556273377184 -0.0018759138192495199 0.015317798821588751
0.01096165556820356 0.0021804088594717802 0.0057033766531603492
0.0092928428755997376 0.0062092790950162924 0.0057033766531603492
0.0062092790950162942 0.0092928428755997376 0.0057033766531603492
0.0021804088594717811 0.01096165556820356 0.0057033766531603492
-0.0021804088594717793 0.01096165556820356 0.0057033766531603492
-0.0062092790950162898 0.0092928428755997394 0.0057033766531603492
-0.0092928428755997376 0.0062092790950162924 0.0057033766531603492
-0.01096165556820356 0.0021804088594717841 0.0057033766531603492
-0.01096165556820356 -0.0021804088594717815 0.0057033766531603492
-0.0092928428755997394 -0.0062092790950162898 0.0057033766531603492
-0.0062092790950162924 -0.0092928428755997376 0.0057033766531603492
-0.002180408859471785 -0.010961655568203558 0.0057033766531603492
0.0021804088594717806 -0.01096165556820356 0.0057033766531603492
0.0062092790950162889 -0.0092928428755997394 0.0057033766531603492
0.0092928428755997376 -0.0062092790950162924 0.0057033766531603492
0.010961655568203558 -0.0021804088594717854 0.0057033766531603492
0.011619662021434878 0.0023112944808351137 0.00081757914698496015
0.0098506738111699393 0.0065820098097348389 0.00081757914698496015
0.0065820098097348397 0.0098506738111699393 0.00081757914698496015
0.002311294480835115 0.011619662021434878 0.00081757914698496015
-0.0023112944808351132 0.011619662021434878 0.00081757914698496015
-0.0065820098097348354 0.009850673811169941 0.00081757914698496015
-0.009850673811169941 0.0065820098097348389 0.00081757914698496015
-0.011619662021434878 0.002311294480835118 0.00081757914698496015
-0.011619662021434878 -0.002311294480835115 0.00081757914698496015
-0.009850673811169941 -0.0065820098097348354 0.00081757914698496015
-0.0065820098097348389 -0.0098506738111699393 0.00081757914698496015
-0.0023112944808351189 -0.011619662021434878 0.00081757914698496015
0.0023112944808351145 -0.011619662021434878 0.00081757914698496015
0.0065820098097348345 -0.009850673811169941 0.00081757914698496015
0.0098506738111699393 -0.0065820098097348389 0.00081757914698496015
0.011619662021434878 -0.0023112944808351193 0.00081757914698496015
0.011763699720205387 0.0023399453604894737 1.4488542953439991e-05
0.009972783076007628 0.0066636006119914128 1.4488542953439991e-05
0.0066636006119914137 0.009972783076007628 1.4488542953439991e-05
0.0023399453604894746 0.011763699720205387 1.4488542953439991e-05
-0.0023399453604894733 0.011763699720205387 1.4488542953439991e-05
-0.0066636006119914102 0.0099727830760076314 1.4488542953439991e-05
-0.0099727830760076297 0.0066636006119914128 1.4488542953439991e-05
-0.011763699720205387 0.0023399453604894781 1.4488542953439991e-05
-0.011763699720205387 -0.002339945360489475 1.4488542953439991e-05
-0.0099727830760076314 -0.0066636006119914102 1.4488542953439991e-05
-0.0066636006119914128 -0.009972783076007628 1.4488542953439991e-05
-0.0023399453604894789 -0.011763699720205386 1.4488542953439991e-05
0.0023399453604894746 -0.011763699720205387 1.4488542953439991e-05
0.0066636006119914085 -0.0099727830760076314 1.4488542953439991e-05
0.009972783076007628 -0.0066636006119914128 1.4488542953439991e-05
0.011763699720205386 -0.0023399453604894794 1.4488542953439991e-05
ellipse 128
0.00034769488208783919 6.9160812121883138e-05 0.00083387178538420995
0.00022419362044604618 0.00014980138793983542 0.00048239666778475057
0.0001185734442401152 0.00017745769994885143 0.0003022369062324715
3.703365699237793e-05 0.00018618076633562406 0.00023909599987644129
-3.7033656992377903e-05 0.00018618076633562406 0.00023909599987644129
-0.0001185734442401151 0.00017745769994885143 0.00030223690623247133
-0.00022419362044604621 0.00014980138793983542 0.00048239666778475057
-0.00034769488208783909 6.9160812121883247e-05 0.00083387178538420962
-0.00034769488208783919 -6.9160812121883179e-05 0.00083387178538420995
-0.00022419362044604624 -0.00014980138793983534 0.00048239666778475074
-0.00011857344424011517 -0.00017745769994885143 0.0003022369062324715
-3.7033656992377998e-05 -0.00018618076633562404 0.00023909599987644129
3.7033656992377923e-05 -0.00018618076633562406 0.00023909599987644129
0.00011857344424011508 -0.00017745769994885143 0.00030223690623247133
0.00022419362044604618 -0.00014980138793983542 0.00048239666778475057
0.00034769488208783903 -6.9160812121883274e-05 0.00083387178538420962
0.001773081373037035 0.0003526878134675711 0.0091143052426569011
0.0011432826677793733 0.00076391705571356389 0.0052726456936122001
0.00060466913995553182 0.00090495131936343389 0.0033034807835952708
0.00018885433974273811 0.00094943488044801905 0.0026133441176068454
-0.00018885433974273798 0.00094943488044801905 0.0026133441176068454
-0.00060466913995553128 0.000904951319363434 0.0033034807835952691
-0.0011432826677793733 0.00076391705571356389 0.0052726456936122001
-0.0017730813730370346 0.00035268781346757164 0.0091143052426568977
-0.001773081373037035 -0.00035268781346757132 0.0091143052426569011
-0.0011432826677793737 -0.00076391705571356367 0.0052726456936122018
-0.00060466913995553171 -0.00090495131936343389 0.0033034807835952708
-0.00018885433974273844 -0.00094943488044801894 0.0026133441176068454
0.00018885433974273808 -0.00094943488044801905 0.0026133441176068454
0.00060466913995553117 -0.000904951319363434 0.0033034807835952691
0.0011432826677793733 -0.00076391705571356389 0.0052726456936122001
0.0017730813730370343 -0.00035268781346757186 0.0091143052426568977
0.0040595273967938827 0.00080749020493885138 0.026197609438569754
0.0026175828039861895 0.0017490129126084711 0.015155374865297227
0.0013844096367899776 0.0020719154403095168 0.009495325979582964
0.00043238814520728242 0.0021737619983276161 0.0075116387589505562
-0.00043238814520728215 0.0021737619983276161 0.0075116387589505562
-0.0013844096367899765 0.0020719154403095168 0.0094953259795829588
-0.0026175828039861899 0.0017490129126084711 0.015155374865297227
-0.0040595273967938819 0.00080749020493885268 0.026197609438569743
-0.0040595273967938827 -0.00080749020493885181 0.026197609438569754
-0.0026175828039861904 -0.0017490129126084707 0.015155374865297234
-0.0013844096367899772 -0.0020719154403095168 0.009495325979582964
-0.00043238814520728318 -0.0021737619983276156 0.0075116387589505562
0.00043238814520728236 -0.0021737619983276161 0.0075116387589505562
0.0013844096367899761 -0.0020719154403095168 0.0094953259795829588
0.0026175828039861895 -0.0017490129126084711 0.015155374865297227
0.004059527396793881 -0.00080749020493885311 0.026197609438569743
0.0066706468479800479 0.0013268741564853648 0.036839051799261099
0.004301232329292198 0.0028739915591609144 0.021311472751323869
0.0022748726335138844 0.0034045874926468965 0.013352317753761564
0.0007105035478289554 0.003571942545296033 0.010562858797753892
-0.00071050354782895497 0.003571942545296033 0.010562858797753892
-0.0022748726335138827 0.0034045874926468965 0.013352317753761557
-0.0043012323292921989 0.0028739915591609144 0.021311472751323869
-0.0066706468479800461 0.001326874156485367 0.036839051799261086
-0.0066706468479800479 -0.0013268741564853655 0.036839051799261099
-0.0043012323292922006 -0.0028739915591609135 0.021311472751323876
-0.002274872633513884 -0.0034045874926468965 0.013352317753761564
-0.0007105035478289567 -0.0035719425452960325 0.010562858797753892
0.0007105035478289554 -0.003571942545296033 0.010562858797753892
0.0022748726335138822 -0.0034045874926468965 0.013352317753761557
0.004301232329292198 -0.0028739915591609144 0.021311472751323869
0.0066706468479800453 -0.0013268741564853677 0.036839051799261086
0.0089345622820893623 0.0017771949350313947 0.027504459313013815
0.0057610047438554496 0.0038493803027959531 0.015911390401230328
0.0030469295843633371 0.0045600523743941331 0.0099689938382217808
0.0009516375764436584 0.0047842051702461329 0.0078863517338890674
-0.00095163757644365775 0.0047842051702461329 0.0078863517338890674
-0.0030469295843633349 0.004560052374394134 0.0099689938382217756
-0.0057610047438554496 0.0038493803027959531 0.015911390401230328
-0.0089345622820893606 0.0017771949350313977 0.027504459313013801
-0.0089345622820893623 -0.0017771949350313958 0.027504459313013815
-0.0057610047438554513 -0.0038493803027959523 0.015911390401230335
-0.0030469295843633367 -0.0045600523743941331 0.0099689938382217808
-0.00095163757644366003 -0.004784205170246132 0.0078863517338890674
0.00095163757644365829 -0.0047842051702461329 0.0078863517338890674
0.0030469295843633345 -0.004560052374394134 0.0099689938382217756
0.0057610047438554496 -0.0038493803027959531 0.015911390401230328
0.0089345622820893606 -0.0017771949350313986 0.027504459313013801
0.01038480475780262 0.0020656660991500552 0.010240916004364359
0.0066961209273391411 0.0044742049605723793 0.0059243925051291639
0.003541501849264233 0.0053002320760993371 0.0037118209590453629
0.0011061057183928212 0.0055607689605424596 0.0029363771441025081
-0.0011061057183928203 0.0055607689605424596 0.0029363771441025081
-0.0035415018492642304 0.0053002320760993371 0.0037118209590453611
-0.006696120927339142 0.0044742049605723793 0.0059243925051291639
-0.010384804757802617 0.0020656660991500582 0.010240916004364354
-0.01038480475780262 -0.0020656660991500561 0.010240916004364359
-0.0066961209273391446 -0.0044742049605723784 0.0059243925051291665
-0.0035415018492642326 -0.0053002320760993371 0.0037118209590453629
-0.0011061057183928229 -0.0055607689605424587 0.0029363771441025081
0.0011061057183928209 -0.0055607689605424596 0.0029363771441025081
0.00354150184926423 -0.0053002320760993371 0.0037118209590453611
0.0066961209273391411 -0.0044742049605723793 0.0059243925051291639
0.010384804757802617 -0.0020656660991500595 0.010240916004364354
0.011008184000442086 0.0021896639400788092 0.0014680354955258538
0.0070980757921304755 0.0047427826146336895 0.00084926177338535578
0.0037540911845564402 0.0056183945003788795 0.00053208960200368596
0.0011725030519096431 0.0058945708975034301 0.00042092971702494474
-0.0011725030519096423 0.0058945708975034301 0.00042092971702494474
-0.0037540911845564372 0.0056183945003788803 0.00053208960200368575
-0.0070980757921304764 0.0047427826146336895 0.00084926177338535578
-0.011008184000442085 0.0021896639400788131 0.0014680354955258531
-0.011008184000442086 -0.0021896639400788105 0.0014680354955258538
-0.0070980757921304772 -0.0047427826146336869 0.00084926177338535611
-0.0037540911845564393 -0.0056183945003788795 0.00053208960200368596
-0.0011725030519096451 -0.0058945708975034292 0.00042092971702494474
0.0011725030519096429 -0.0058945708975034301 0.00042092971702494474
0.0037540911845564367 -0.0056183945003788803 0.00053208960200368575
0.0070980757921304755 -0.0047427826146336895 0.00084926177338535578
0.011008184000442083 -0.0021896639400788144 0.0014680354955258531
0.011144641798280014 0.0022168070836941665 2.6015457234371171e-05
0.0071860637646645395 0.004801574298274781 1.5049999413249095e-05
0.0038006270178879667 0.0056880402967132825 9.4293048962157652e-06
0.0011870374369104221 0.0059676401852116071 7.4594102699239223e-06
-0.0011870374369104212 0.0059676401852116071 7.4594102699239223e-06
-0.0038006270178879637 0.0056880402967132834 9.4293048962157601e-06
-0.0071860637646645404 0.004801574298274781 1.5049999413249095e-05
-0.011144641798280012 0.00221680708369417 2.6015457234371158e-05
-0.011144641798280014 -0.0022168070836941678 2.6015457234371171e-05
-0.0071860637646645421 -0.0048015742982747802 1.5049999413249102e-05
-0.0038006270178879658 -0.0056880402967132825 9.4293048962157652e-06
-0.001187037436910424 -0.0059676401852116062 7.4594102699239223e-06
0.0011870374369104218 -0.0059676401852116071 7.4594102699239223e-06
0.0038006270178879628 -0.0056880402967132834 9.4293048962157601e-06
0.0071860637646645395 -0.004801574298274781 1.5049999413249095e-05
0.01114464179828001 -0.0022168070836941713 2.6015457234371158e-05
irregular 128
0.00047381323578968727 9.4247312426742796e-05 0.00074955158751026493
0.00030567183201822329 0.00020424338836823316 0.00043406333868274092
0.00013652896339122497 0.00020433003338205286 0.00019395754512087208
6.9352305274701713e-05 0.00034865758317747554 0.00040586853349574567
-8.7197839159215273e-05 0.00043837314043316085 0.00064161576263193731
-0.00022624452064691009 0.0003385988533716571 0.00053261480339053535
-0.0003323795608676286 0.00022208892225274675 0.00051322864313093849
-0.00033954441580008311 6.7539583577337609e-05 0.0003849287383771443
-0.00026020374944258978 -5.1757743802688928e-05 0.0002260550700997105
-0.00031659772109297998 -0.0002115438340482613 0.00046564810047262163
-0.00027925825902526966 -0.00041793951972915043 0.00081146379071509074
-7.6652750954730187e-05 -0.0003853594020548015 0.00049581432519945842
5.880721707021641e-05 -0.00029564384479911624 0.00029182657267305678
0.00018954270176958429 -0.00028367069973954628 0.00037382748309487907
0.00028988999224357451 -0.00019369830016374774 0.00039039901394806751
0.00039447256943219366 -7.8465472652094345e-05 0.00051954212856842913
0.0024162260244741242 0.0004806172386524875 0.0081926767201253876
0.0015587834608295872 0.0010415458096682444 0.0047443573853244532
0.00069623389454400895 0.0010419876587376001 0.0021199761178314854
0.00035366433903587376 0.0017779906985916328 0.0044361852355579053
-0.00044466822017594335 0.0022354981041838328 0.0070129269410802008
-0.0011537413001362082 0.001726695878409024 0.0058215351327930345
-0.0016949803937687409 0.001132549690808314 0.0056096423871863236
-0.0017315178048027012 0.00034442030571333443 0.0042073110995398686
-0.0013269174931786782 -0.00026394029988565222 0.0024708054003645856
-0.0016145003879410591 -0.0010787746701346357 0.0050895821129328354
-0.0014240865852588722 -0.0021312961900330466 0.0088693835330249104
-0.00039089319950226682 -0.00196515281906117 0.0054193020830746392
0.00029988931836219621 -0.0015076454134689699 0.0031896947562929288
0.00096657917966667159 -0.0014465879703616231 0.0040859732260290103
0.0014783034550019045 -0.00098777078899456609 0.0042671017798203755
0.0020116257128501001 -0.00040013723282480653 0.0056786494389069247
0.0055320279668823729 0.0011003887793030491 0.023548535983390153
0.003568885365970578 0.0023846529627243392 0.01363689480532387
0.0015940501166264703 0.0023856645905207703 0.0060935315282303051
0.00080972599194698198 0.0040707674571158377 0.012751103359406159
-0.0010180823338050552 0.0051182455229738071 0.02015753435201894
-0.0026415281824844383 0.0039533263001495086 0.016733069573755695
-0.0038807126678832731 0.0025930093045824134 0.01612401784194727
-0.0039643662572536363 0.00078856147739035654 0.012093241342899594
-0.003038020701563927 -0.00060429988989649057 0.007101934064542177
-0.0036964510803894081 -0.0024698896480299139 0.014629187946889161
-0.0032604924941277849 -0.0048796718558392167 0.025493621244062542
-0.00089496267725255982 -0.0044992812113304635 0.015576915148458489
0.00068660633539448376 -0.0034518031454724932 0.0091682662834821731
0.0022130144282698138 -0.0033120101462104788 0.011744475075398834
0.0033846237784767113 -0.0022615333061718397 0.012265100069193305
0.0046056824111926613 -0.00091612719180918603 0.016322367550603338
0.0090902711851054002 0.0018081673615524046 0.033113927395668312
0.0058644200642951139 0.0039184802107473157 0.019176187632402055
0.0026193554930543273 0.003920142525374609 0.0085687178494390989
0.0013305480190069774 0.0066891166021235881 0.017930588600321574
-0.0016729207730792612 0.008410340669699078 0.028345504343847937
-0.0043405795606298132 0.0064961363837466191 0.023530025448836513
-0.0063768171010193499 0.0042608529648196008 0.022673577521817367
-0.0065142773267333927 0.0012957703248281714 0.017005503700507341
-0.0049920991376953871 -0.00099299025767293921 0.0099867324723690379
-0.0060740370338641181 -0.0040585417919587023 0.020571549240792037
-0.0053576665096516938 -0.0080183145727846222 0.035849104314765144
-0.0014706096002183699 -0.0073932537206772 0.021904242269598685
0.0011282368461460819 -0.005672029653101711 0.01289240674110371
0.0036364424420762035 -0.0054423207144126146 0.016515068929181243
0.0055616399971398786 -0.0037161690378864176 0.017247171266967357
0.0075680929960673911 -0.0015053872943971772 0.022952496680784269
0.012175370082588038 0.0024218316868510489 0.024723238635759908
0.0078547144687543084 0.005248352414977263 0.014317161999394892
0.0035083246535099408 0.005250578893744382 0.0063975031914181909
0.0017821156502578531 0.0089593003880768379 0.01338718345149768
-0.0022406844764393157 0.011264681557796705 0.021163079201399513
-0.0058137058232298044 0.0087008256374876431 0.017567787333893439
-0.0085410112165962369 0.005706921241158726 0.016928353471947905
-0.0087251233388447834 0.0017355349390091247 0.012696504437100943
-0.0066863411720874018 -0.0013299959516479829 0.0074562092003067643
-0.0081354722292350957 -0.005435948752960584 0.01535895500737002
-0.0071759765144279106 -0.010739607804245021 0.026765353147694831
-0.0019697119882411836 -0.0099024108665986058 0.016353958933836031
0.0015111431620597154 -0.0075970296968787369 0.009625618992305995
0.00487059534470804 -0.0072893610605017636 0.012330340202279445
0.0074491754813931629 -0.004977379926779121 0.012876936218711237
0.010136587915830653 -0.0020162926994899137 0.017136597720503161
0.014151654795124449 0.002814939157637893 0.00920536584061756
0.0091296779417855949 0.0061002557717841667 0.0053308029722767998
0.0040777897566086786 0.0061028436486788495 0.0023820243864952971
0.0020713855362396545 0.010413558309755887 0.0049845379507946338
-0.0026043884498189391 0.013093144906611174 0.0078797882928277243
-0.0067573763534639619 0.010113128391093682 0.0065411296554305906
-0.0099273731737658504 0.0066332586853634521 0.0063030450453676629
-0.010141370052709618 0.002017243925657641 0.0047273728965058753
-0.0077716563412826732 -0.0015458785613056687 0.0027762193490995517
-0.0094560078094138803 -0.0063183024182484155 0.0057187006061546405
-0.008340768433423908 -0.012482842102520625 0.00996571975086963
-0.0022894321827039129 -0.011509752826651235 0.0060891769539710774
0.0017564292691246213 -0.0088301662297959466 0.0035839699471415846
0.005661181836568616 -0.0084725573601057945 0.0045910365617343333
0.0086583125774336179 -0.0057852995046691292 0.0047945542469538215
0.011781941083697496 -0.0023435737932859281 0.0063805819943247837
0.015001150578052054 0.0029839143748990587 0.0013195893607142765
0.0096777144098392116 0.0064664420325383351 0.0007641707030525347
0.00432257139183468 0.0064691852545527657 0.00034146323913730216
0.0021957267036386108 0.011038663571117694 0.00071453360592389824
-0.0027607247254881825 0.013879100439335035 0.0011295677951240232
-0.0071630082600520192 0.010720199440014358 0.00093767105510059569
-0.010523293705233885 0.0070314400543879082 0.00090354162191689841
-0.010750136392590466 0.0021383350795043899 0.00067766899071332125
-0.0082381734648177066 -0.0016386745867711706 0.00039797109419771972
-0.010023633212500669 -0.0066975775869313383 0.00081977583592546136
-0.0088414482276349977 -0.013232162367787114 0.001428586107581082
-0.002426862258031624 -0.012200660471752067 0.0008728836271245621
0.0018618642361820452 -0.0093602236035347213 0.00051376215712144516
0.0060010113594176507 -0.008981148182325524 0.00065812517464362375
0.0091780539171059886 -0.0061325795650817652 0.00068729943852218075
0.012489187650279288 -0.0024842538821658474 0.00091465654496043476
0.015187105316166344 0.0030209030720828368 2.338480280975527e-05
0.0097976796644550501 0.0065466002529651884 1.3542077358219064e-05
0.0043761541238369166 0.0065493774800466729 6.0511631510001834e-06
0.0022229450014632501 0.011175499194679944 1.266244482785861e-05
-0.0027949467567025691 0.014051146208359884 2.0017378841950786e-05
-0.0072518011375168516 0.010853087372111877 1.6616724396803005e-05
-0.010653740787600993 0.007118602008204509 1.6011907406934676e-05
-0.010883395424101144 0.0021648419489368994 1.2009156931622299e-05
-0.0083402941242444323 -0.0016589876488961124 7.0525542557866181e-06
-0.010147886487560208 -0.006780600971017633 1.4527471077019424e-05
-0.0089510471001459091 -0.013396188671968585 2.5316363875847367e-05
-0.0024569457195157047 -0.012351900245730832 1.5468608723188678e-05
0.001884943964276379 -0.0094762532320508928 9.104519249000579e-06
0.0060754000864659662 -0.0090924787799033843 1.1662815638985156e-05
0.0092918253644142593 -0.0062085992157783123 1.2179820722711006e-05
0.012644004016309626 -0.0025150487720420581 1.6208877988357074e-05
