0.61275056582962861 0.82165495632864349 -1.1535831223857471 0.99999999775561133
1.0640797795931576 0.8050287097724862 -1.1274576130821445 0.98217819828081443
0.58834985293651698 0.80961540085560557 -1.1015211105944351 0.96476227243097834
0.36040574859362096 0.80292254496724524 -1.0757897090152537 0.94775090946449003
0.21896974025366944 0.79150926458322601 -1.0504344104308814 0.93113909611190526
0.12225054646478384 0.77748148694195152 -1.0255393676849307 0.91492013331874078
0.051804510268084414 0.76189195261017062 -1.0011535322435334 0.899086361863637
-0.0008244512264354853 0.74532779507651981 -0.97730646596792159 0.88362954431834817
-0.041038754636247177 0.72818158532052024 -0.95401557621789335 0.86854109243628741
-0.072374581930489512 0.71072195627884582 -0.93128995935824554 0.85381222121481137
-0.09666514457694575 0.69312823027513559 -0.90913290695153148 0.83943405561532614
-0.11589318766891665 0.67554757207528837 -0.88754344942187169 0.82539770595529027
-0.13078889036478358 0.65807241880428791 -0.86651747050033101 0.81169432606711112
-0.14227124946955882 0.64078327352072506 -0.84604850005700705 0.79831515388214314
-0.15134942943222995 0.62374503344960175 -0.82612822533477936 0.78525154457589297
-0.15798977424310578 0.60698873294265354 -0.80674704467236413 0.77249499520508946
-0.16286315144679975 0.59055520113141569 -0.78789436193458806 0.76003716055755255
-0.16635793478781125 0.5744692035921517 -0.76955879643398239 0.74786986839460734
-0.16863802369880432 0.55874510445670467 -0.75172847801224618 0.73598512886557566
-0.1696592621592572 0.54339079500493881 -0.73439120767548793 0.72437514047264417
-0.17007153635313443 0.52842504904546672 -0.7175345074864854 0.71303229442230298
-0.16970059460254561 0.51384345870707904 -0.70114578881735456 0.70194917899314158
-0.1688149283927487 0.49965099961078607 -0.68521247316044576 0.69111857874963711
-0.16734074508713093 0.48584305714256004 -0.66972202316899021 0.68053347498598626
-0.16546267164267192 0.47242012029044389 -0.65466199165556593 0.67018704404731078
-0.16337844948429847 0.45938005245875502 -0.64002005137669649 0.66007265618112176
-0.16097695907410525 0.44671299794484298 -0.62578408668766627 0.65018387297215618
-0.15825588494590193 0.43441265584124267 -0.61194220854808679 0.64051444332980967
-0.15551027867513767 0.42247752700937014 -0.59848272312502993 0.63105830040025923
-0.15259253486783564 0.41089490702911036 -0.58539419953587613 0.62180955855428832
-0.14947625777676876 0.39965650455700796 -0.57266549580171533 0.61276250823162615
-0.1464248752072308 0.38875916100644758 -0.56028570971529756 0.60391161204186039
-0.14324339225095173 0.37818880382701536 -0.548244230715492 0.59525150116553038
-0.14000537662650459 0.36793882727322824 -0.53653074518983146 0.58677696988135841
-0.13684873267266084 0.35800274893893658 -0.52513519983800194 0.57848297172489216
-0.13359242400474614 0.34836729883488005 -0.51404784493903566 0.57036461520581472
-0.13038310389765684 0.33902737667281002 -0.50325921286412101 0.56241715862405484
-0.12723694461965351 0.32997386251219396 -0.49276010278052068 0.55463600640661603
-0.12404321356279979 0.32119571155429227 -0.48254161069856222 0.54701670445527306
-0.12093791817778765 0.31268769399938989 -0.47259509667554928 0.53955493552256661
-0.11787864331927267 0.30443997667214617 -0.46291218381485871 0.53224651556450819
-0.11482078082644875 0.2964436268534385 -0.45348477144081645 0.5250873891872424
-0.11187816675374052 0.28869311950696286 -0.44430500535322831 0.51807362555929826
-0.10893873324039305 0.28117791995378738 -0.43536528738530106 0.5112014147879469
-0.10607181452905934 0.27389229747127075 -0.42665826649800531 0.50446706355737747
-0.10329034654887437 0.26682881128470015 -0.41817682151931018 0.49786699174817262
-0.1005273963264699 0.25997882419072127 -0.40991407327595203 0.4913977286432859
-0.097853761885289714 0.25333710083165784 -0.40186336348409835 0.48505590915938995
-0.09524915034762671 0.2468961167181476 -0.39401824931886487 0.47883827070060575
-0.092671830542258249 0.24064854911956601 -0.38637250823271257 0.47274164958057074
-0.090196647535321972 0.23458973598451038 -0.37892011594861158 0.46676297771164343
-0.087772375713484507 0.22871210157253685 -0.37165524869680217 0.4608992797118035
-0.085390633505085134 0.22300972718268852 -0.36457228193065366 0.45514766954129732
-0.083092909754668653 0.2174777803068082 -0.35766576992409393 0.44950534763089017
-0.080856520070483384 0.21210997189121983 -0.35093044835426784 0.44396959816273829
-0.078669839395843155 0.20690071450952274 -0.34436123281670328 0.43853778612516309
-0.076545036167772196 0.20184513587128805 -0.33795320499955694 0.43320735463053417
-0.074483978795342409 0.19693817591300444 -0.33170160776249114 0.42797582240390075
-0.072467547290216316 0.19217457621307688 -0.32560184346061649 0.42284078125813535
-0.070522447968869528 0.18755023562789574 -0.31964946477082079 0.41779989363345449
-0.068628566255483747 0.18306005698749672 -0.31384017209102005 0.41285089035636607
-0.06677861253865558 0.17869959405172509 -0.30816981037333618 0.40799156826696531
-0.06499169958578932 0.1744650546432851 -0.30263435817582529 0.40321978807027031
-0.063252952296807052 0.17035195089370347 -0.29722992656069269 0.39853347230759562
-0.061562782234432234 0.16635638743069592 -0.29195275594118497 0.39393060324598178
-0.059921338932781509 0.16247457577071245 -0.28679920876237014 0.38940922094342378
-0.058328400727077678 0.1587028328815201 -0.28176576596894903 0.38496742136921924
-0.05677970925489717 0.15503752580820418 -0.27684902343802786 0.38060335457957262
-0.055276078950100782 0.15147527114207548 -0.27204568745763591 0.37631522294940106
-0.05381765314950826 0.14801276303128219 -0.26735257064383333 0.37210127948873695
-0.052401685534277931 0.14464674575551584 -0.26276658902553363 0.36795982620284717
-0.051028772950303392 0.14137415159553512 -0.25828475836144593 0.36388921249966966
-0.049686877497151727 0.13819179621656374 -0.25390419071364861 0.3598878336646808
-0.04840125517512206 0.13509734696777542 -0.2496220888378603 0.3559541293758825
-0.047133098265931039 0.13208716703951673 -0.24543574688318506 0.35208658235237972
-0.045912338671769248 0.12915936832975028 -0.24134254422540666 0.34828371685234438
-0.0447260949019892 0.12631100773172932 -0.2373399411662776 0.34454409750605824
-0.043574347853791551 0.1235396167276761 -0.2334254805449506 0.34086632795719524
-0.042456562314100665 0.12084278905767931 -0.2295967823277677 0.33724904963997493
-0.041368576222794218 0.11821813767496892 -0.22585154128469137 0.33369094059121868
-0.040314383447366708 0.11566353127739326 -0.22218752373251174 0.33019071430006908
-0.03929493035775522 0.11317679183501639 -0.21860256551640722 0.32674711862139605
-0.0382929051136216 0.11075550300013326 -0.21509457123813361 0.32335893468963289
-0.037329146222418785 0.10839816623077247 -0.21166150833074196 0.32002497585592127
-0.036389751638580492 0.10610247452442323 -0.20830140631929867 0.31674408678491384
-0.035482202172715915 0.10386672341938485 -0.20501235664053638 0.31351514241973316
-0.034592875198086404 0.101688815122424 -0.20179250947472507 0.31033704708013748
-0.033733040577999418 0.099567298650658387 -0.19864007058066357 0.30720873352912798
-0.03290164588497646 0.097500403511016742 -0.19555329931466009 0.30412916216748959
-0.032086871592582611 0.0954862544986117 -0.19253050959011045 0.30109732016533036
-0.031300036161837852 0.093523562595629883 -0.18957006526368356 0.29811222062513576
-0.030530009455560503 0.091610555357538814 -0.18667037876374334 0.29517290185625267
-0.029789663404471867 0.089746046837454685 -0.18382990975558949 0.29227842658356717
-0.029063772884910577 0.087928253458898098 -0.18104716439304536 0.28942788126105473
-0.028361524803131033 0.086156045041613893 -0.17832069341548576 0.28662037530667306
-0.027675335157255176 0.084427923177262443 -0.17564908960910947 0.28385504047210897
-0.027012382543944113 0.082742771343712107 -0.17303098703068712 0.28113103015987323
-0.026368293782752517 0.081099215435985528 -0.17046505988606717 0.278447518815367
-0.025737441058026889 0.079495962092293482 -0.16795002211886553 0.27580370128073256
-0.02512751429412674 0.077932042483134012 -0.16548462396831876 0.27319879219844945
-0.024533619776775595 0.076406202194512218 -0.16306765158185421 0.27063202547264376
-0.023956043688485806 0.074917372264659221 -0.16069792672307318 0.26810265368630265
-0.02339510303932002 0.073464507113671473 -0.15837430477023848 0.26560994757028833
-0.022844993448416062 0.072046487284671556 -0.15609567400817012 0.26315319548369981
-0.022319580626117386 0.070662614728362882 -0.15386095345345996 0.26073170290502284
-0.021798424704229546 0.069311467579376895 -0.15166909409229004 0.25834479197979326
-0.021296319916473294 0.067992512861060561 -0.14951907637352846 0.25599180097522461
-0.02080677057210778 0.066704678764068603 -0.14740990823718414 0.2536720839024601
-0.020330483082034334 0.065447128922782483 -0.14534062635972209 0.25138501003668717
-0.019866912325142039 0.064219017503454268 -0.14331029407142371 0.24912996349813796
-0.019415716650428294 0.063019530665489043 -0.1413180007356164 0.24690634283808602
-0.018976234005094739 0.061847874483380139 -0.13936286089791344 0.24471356063911467
-0.018549900870539204 0.060703316921147277 -0.13744401342919824 0.2425510431277281
-0.018132038175735943 0.059585026791355133 -0.13556062112858905 0.24041822980137345
-0.01772781843192206 0.058492416287148075 -0.13371186934275742 0.23831457305368428
-0.017332923151570867 0.057424686570398009 -0.13189696557579964 0.2362395378440133
-0.016948627915098768 0.056381209452091241 -0.13011513913254857 0.23419260133590661
-0.016574355428701892 0.055361323736667245 -0.128365639883007 0.23217325257678986
-0.016209814190915495 0.054364396917920388 -0.12664773793671616 0.23018099217564744
-0.015854723410484439 0.053389815884042235 -0.12496072295553423 0.22821533199269367
-0.015508815096950457 0.052436986272616615 -0.12330390355540584 0.22627579483856197
-0.015171833538715873 0.051505331773189944 -0.12167660672981891 0.22436191418267593
-0.014843246981172342 0.050594288961199219 -0.12007817729467433 0.22247323387046053
-0.014522788375870732 0.049703319493362486 -0.11850797728342191 0.22060930784906599
-0.014211558444003458 0.048831922765811164 -0.1169653853571468 0.2187696999034571
-0.013907608752788292 0.047979545651336331 -0.11544979662699743 0.21695398340060254
-0.013611255123123556 0.047145712055191247 -0.11396062206227266 0.21516174103125116
-0.013322310414196181 0.046329944134367196 -0.11249728774154633 0.21339256457231767
-0.013040545424019001 0.045531776996484474 -0.11105923453892026 0.21164605465229208
-0.012765823199401893 0.044750761088243607 -0.10964591768851062 0.20992182052338176
-0.012497989206394777 0.043986458717961696 -0.10825680637266663 0.20821947984052924
-0.012236732814812967 0.04323844184834158 -0.10689138333841861 0.20653865844643401
-0.011982173298406451 0.04250630332240668 -0.10554914448145003 0.2048789901625569
-0.011734643878071438 0.041789646581127826 -0.10422959850845862 0.20324011658713009
-0.01149105598483402 0.041088025408384077 -0.10293226676267002 0.20162168689675636
-0.011257110963924788 0.040401186783322274 -0.10165668226942817 0.20002335764989301
-0.011026774882111567 0.039728614836151088 -0.10040239013676862 0.19844479261795481
-0.010796038170838074 0.039069926645824538 -0.099168947174273242 0.19688566257711629
-0.010578983969026012 0.038425089985442362 -0.097955919221110868 0.19534564515021099
-0.010373223687111022 0.037793605777554085 -0.096762883438339983 0.19382442468224464
-0.010147880584099767 0.037174576512574831 -0.09558943083373414 0.19232169201234808
-0.0099605856378275348 0.0365689675901546 -0.094435157847440859 0.19083714426882256
-0.0097497981854530735 0.035975001097781956 -0.093299672961057484 0.18937048490144057
-0.0095575572145207843 0.035393474848039119 -0.092182595142219659 0.18792142327814795
-0.0093753490288008834 0.034823751426421801 -0.091083549217193929 0.18648967475493372
-0.0091759802096476051 0.034265042615964525 -0.090002173695832702 0.18507496042673485
-0.0090078072590813463 0.033718163394839351 -0.088938111802713937 0.18367700694807076
-0.0088262441046254025 0.033181736609133594 -0.087891016711707542 0.18229554656258071
-0.0086487563289665559 0.03265605025444529 -0.086860551976928435 0.18093031676692536
-0.0084881431395160689 0.032141051881626304 -0.085846384944803913 0.17958106031841789
-0.0083207628017589741 0.031635929530829721 -0.084848193975216604 0.17824752511045344
-0.0081532978817904223 0.031140715533996222 -0.08386566548607087 0.17692946395400769
-0.0080084981634627184 0.030655592340595561 -0.082898489779355516 0.17562663454217811
-0.007843629698982113 0.030179375290619426 -0.081946368117952709 0.17433879936485341
-0.0076960854711387583 0.029712795425105298 -0.081009007486091772 0.1730657254534832
-0.0075572339210339123 0.029255289810880214 -0.080086119410408163 0.17180718445372239
-0.0074027125309612529 0.028806190697247658 -0.079177426687256414 0.17056295241411418
-0.0072663346513763827 0.028366117384374334 -0.078282655136559437 0.16933280964441924
-0.0071356589216975408 0.02793444745950957 -0.077401535990747478 0.16811654076067062
-0.0069931661828377401 0.027510678311712944 -0.076533810820324608 0.16691393447389841
-0.0068642569852954693 0.027095250232241241 -0.075679224070971385 0.16572478347721611
-0.00674240842204199 0.026687715239114951 -0.074837525033185498 0.16454888446737106
-0.0066091670826153859 0.026287545819118741 -0.074008472219381657 0.16338603797395887
-0.0064881197665727086 0.025895158174934707 -0.073191827111081048 0.16223604824142543
-0.0063758393173429795 0.025510184519498935 -0.072387355458958996 0.16109872325270336
-0.0062501698220103208 0.02513202327755959 -0.071594831996912148 0.15997387457415277
-0.0061368541620367978 0.024761165123964979 -0.070814034030588516 0.15886131722956578
-0.0060324871923285173 0.024397249511159735 -0.070044742386696571 0.15776086974392614
-0.0059127308413735591 0.024039647146754994 -0.069286746665053148 0.15667235399176555
-0.0058095262918413937 0.023688985215789771 -0.068539838305126249 0.1555955950743251
-0.0057104658433217992 0.023344706498275691 -0.067803812541272337 0.15453042138287965
-0.0055989127376960823 0.023006384851437467 -0.067078472933301311 0.15347666441945876
-0.0055007807616220816 0.022674516627228414 -0.066363624172859209 0.15243415871489543
-0.0054088483209397964 0.022348681881264376 -0.065659074420417726 0.15140274187404212
-0.0053056265610393893 0.022028416878828949 -0.064964639670457014 0.15038225442426661
-0.005211485047198039 0.021714120657508218 -0.064280137599947496 0.14937253972152115
-0.0051246014945718343 0.021405531939686639 -0.063605388335050167 0.14837344399027286
-0.0050326498244430695 0.021102257790571954 -0.062940218832170242 0.1473848162086806
-0.0049395463261134864 0.020804351552251799 -0.062284459299035498 0.14640650800979832
-0.0048576886855471457 0.020511939079061126 -0.061637941144809451 0.14543837367776771
-0.0047758373705164558 0.020224588334752269 -0.061000500926044032 0.14448027011439504
-0.0046858166965080272 0.019942092188432348 -0.060371980468344633 0.14353205671268826
-0.0046072765298958984 0.019664804807642433 -0.059752222082106884 0.14259359531774893
-0.0045321806454694524 0.019392345821702239 -0.059141071401982721 0.14166475025008707
-0.004450376100635367 0.01912442975561035 -0.058538380063300727 0.1407453881799631
-0.0043719418506498187 0.018861245038149566 -0.057944001186245993 0.13983537806486979
-0.0043011385805584723 0.018602734058415393 -0.05735778938465147 0.13893459116485196
-0.0042298778856206809 0.018348583314514055 -0.056779604193309803 0.13804290098129493
-0.0041522805246358985 0.018098641220883227 -0.056209309019823246 0.13716018316466913
-0.0040840853575900837 0.017853185008406491 -0.055646767702758018 0.13628631548512055
-0.0040188509660765703 0.017611903513759852 -0.055091846944700588 0.1354211778479619
-0.0039494956020007521 0.017374578210816782 -0.054544418454255512 0.13456465218988245
-0.0038801851961807188 0.017141276739178757 -0.054004355582141603 0.13371662242578813
-0.0038177933237193429 0.0169120450194713 -0.053471532616559 0.13287697445010171
-0.0037582514096357045 0.01668665375286249 -0.052945827445045043 0.13204559610648331
-0.0036909786737737704 0.016464837291199519 -0.052427122140812264 0.13122237710613949
-0.0036299278241358479 0.016246877223788925 -0.05191529932898311 0.13040720897838984
-0.0035722204471539953 0.016032576995444803 -0.051410243054282774 0.12959998510205845
-0.0035162761469678117 0.015821807222069939 -0.050911841395572942 0.12880060063076373
-0.0034540021690077083 0.015614362853187291 -0.050419985317451836 0.12800895244133273
-0.0033981763102701734 0.015410490331583926 -0.049934566265034612 0.12722493909508087
-0.0033456238556937024 0.015209989985531358 -0.04945547734083737 0.12644846086091693
-0.0032924110680596641 0.015012701671694995 -0.048982615561886954 0.12567941964138549
-0.0032353906396451748 0.01481853957550161 -0.048515880068534217 0.12491771892404857
-0.0031842115497511259 0.014627666640003589 -0.048055170377678438 0.12416326376345545
-0.0031350639506513289 0.014439887248578032 -0.047600387981371992 0.12341596078717691
-0.0030863451268032804 0.014255101120793867 -0.047151437694270909 0.12267571812874589
-0.003033235267253076 0.014073183575402215 -0.046708226290930778 0.12194244539059766
-0.0029858220138976321 0.013894317573547976 -0.046270660912061216 0.12121605361976143
-0.0029405238824438129 0.013718317236365074 -0.045838650369245684 0.12049645532037975
-0.00289528995983801 0.013545077826277119 -0.045412106659624744 0.11978356438969591
-0.0028464754539072601 0.013374502393178833 -0.044990943551254638 0.11907729608225076
-0.0028021474734032381 0.013206733522566516 -0.044575075172356884 0.11837756699019361
-0.0027594948575142553 0.013041619697078399 -0.044164417103883184 0.11768429505145764
-0.0027189645001044482 0.012879105301160099 -0.043758887602747078 0.11699739949675583
-0.0026734247716149184 0.012719010497542982 -0.043358406991163057 0.11631680081875413
-0.0026316443811538193 0.012561514448796718 -0.042962895987898743 0.11564242073838329
-0.0025920888399468822 0.012406499955472938 -0.04257227613528583 0.11497418222563423
-0.0025546241569145423 0.012253896843471335 -0.042186471514245615 0.11431200945363937
-0.0025134897994121275 0.0121035502210316 -0.041805408300502063 0.11365582776514555
-0.0024735579634125315 0.011955560806526488 -0.041429013291006504 0.11300556364056322
-0.0024367893892076609 0.011809908544910375 -0.041057213703764035 0.11236114471010397
-0.002401329956455811 0.011666484512696584 -0.040689938819589017 0.11172249972882219
-0.0023653890555124235 0.011525210579273359 -0.040327119965156442 0.11108955853723977
-0.0023269775718404162 0.01138603380850256 -0.0399686895972413 0.11046225203665512
-0.0022926153747562239 0.011249065062904684 -0.039614580370001845 0.10984051217839352
-0.0022586758110492156 0.011114156361903049 -0.039264726248437506 0.10922427196825377
-0.0022270548243454868 0.010981303221413885 -0.038919063165700589 0.10861346542153803
-0.0021918350922192076 0.010850350499014727 -0.03857752858370158 0.1080080275462658
-0.0021581453266890094 0.010721407518731407 -0.038240060478575304 0.10740789431231043
-0.0021269213615937588 0.010594438780410442 -0.03790659716646165 0.10681300266579412
-0.0020966987483461708 0.010469357719131267 -0.03757707875830546 0.10622329050441243
-0.0020664520759510197 0.010346108155932399 -0.037251446997611182 0.10563869664607982
-0.0020339353866347665 0.010224631218648472 -0.036929644632442367 0.10505916080916457
-0.0020041696077441884 0.010105016421721569 -0.03661161460562911 0.10448462360079101
-0.0019753853854922454 0.0099871698300399991 -0.036297300740112233 0.10391502652230257
-0.0019481827064282697 0.0098710627806775086 -0.035986648498391373 0.10335031193662537
-0.0019194881783732853 0.0097566005922238297 -0.035679604678125885 0.10279042304954746
-0.0018900320883403765 0.0096437959610273793 -0.035376116784749528 0.10223530388675189
-0.0018630433512498712 0.0095326893353528952 -0.035076132461813368 0.10168489929446324
-0.0018366600649528664 0.0094231921394314355 -0.034779600453788126 0.10113915493453329
-0.0018120350266030982 0.0093152924566828332 -0.034486470909439404 0.10059801725515914
-0.0017849277325012736 0.0092088768433251644 -0.034196695194259816 0.10006143347615652
-0.0017584000416945855 0.0091040118467415887 -0.033910225113022475 0.099529351565735349
-0.0017337454478365544 0.0090006889841158788 -0.033627012633467339 0.099001720249722813
-0.0017093506344281195 0.0088988349123662047 -0.033347010935805402 0.09847848899744488
-0.0016869356124971091 0.0087984539161802822 -0.033070174310590651 0.097959607998035006
-0.0016620243977740756 0.008699427366918755 -0.032796458174254334 0.097445028149321489
-0.0016375326222259901 0.0086018216751724275 -0.032525818372063829 0.096934701033863341
-0.0016150371965295562 0.0085056371442644441 -0.032258210809428235 0.096428578929228542
-0.0015925997398653635 0.0084107952753438298 -0.031993592537241655 0.095926614796021673
-0.0015718918148195371 0.008317304516018087 -0.031731921639774764 0.095428762254156668
-0.0015492962877488026 0.008225065234510609 -0.031473157161599513 0.094934975574166636
-0.0015267888269647756 0.0081341214492889335 -0.031217258611513067 0.09444520965598735
-0.0015057810036864794 0.0080444777470942697 -0.030964185569758162 0.09395942003543975
-0.0014853067150966126 0.0079560801113522928 -0.030713898507107526 0.093477562875638576
-0.0014660328051832039 0.0078689154846551812 -0.030466358874756985 0.092999594947840492
-0.0014458528066825238 0.0077829175669088535 -0.030221529020357497 0.092525473619895576
-0.0014248884080529933 0.0076980877606340758 -0.029979371820615237 0.092055156839820851
-0.0014054087248496216 0.0076144591275146833 -0.029739850197534914 0.09158860313556301
-0.0013866975866392295 0.0075319832009603793 -0.029502927701893472 0.091125771613828135
-0.0013682189369035314 0.0074506259019395671 -0.029268568874509925 0.09066662194174073
-0.0013507353226032137 0.0073703820617811999 -0.02903673892855349 0.090211114334199816
-0.0013313869632725073 0.0072911784256544099 -0.028807403797220441 0.089759209545477878
-0.001312954679917766 0.0072130742751013166 -0.028580529608354728 0.089310868855165926
-0.0012956765488070232 0.0071360461172216283 -0.028356082673986267 0.08886605407597245
-0.0012784443813131929 0.0070600461604390929 -0.028134030214670362 0.088424727540336714
-0.0012625990956394162 0.0069850823741983703 -0.027914340132787485 0.087986852085436343
-0.0012452904650785968 0.0069110767904334569 -0.027696981063790791 0.087552391046804734
-0.0012280353546429978 0.0068380640134673154 -0.027481921992067098 0.08712130824188391
-0.0012116823876908711 0.0067660446789512552 -0.027269131931603258 0.08669356797539679
-0.0011960450200945161 0.0066949903635422636 -0.027058580498072325 0.086269135033140695
-0.001180452247069752 0.0066248683123935059 -0.026850238058747831 0.085847974669440372
-0.0011660370050208257 0.0065556845987553292 -0.026644075513033678 0.085430052596194808
-0.0011498865701184968 0.006487364805395579 -0.026440064400332107 0.085015334977160725
-0.0011343080958567953 0.006419961311106448 -0.026238176452241219 0.084603788413734574
-0.0011197281407930859 0.0063534613399376383 -0.026038383453331537 0.084195379952993282
-0.0011054123471012645 0.0062878276864053451 -0.025840657899842859 0.083790077078133546
-0.0010914830156139033 0.0062230481990972475 -0.025644972912826604 0.083387847695816295
-0.0010779727857652688 0.0061591076347895513 -0.025451302082641642 0.082988660129252836
-0.001063297660095941 0.0060959652043750534 -0.025259619499903418 0.082592483110459122
-0.0010492695859625201 0.0060336577800221836 -0.025069899369732588 0.082199285772369429
-0.0010359626430727076 0.0059721670449295328 -0.024882116072104426 0.081809037653052988
-0.0010228690986764377 0.0059114647231237605 -0.024696244613651851 0.081421708686137448
-0.0010103984627392038 0.0058515449699294564 -0.024512260512757365 0.081037269190805353
-0.00099789981945264117 0.0057923792311771471 -0.024330139770383646 0.08065568986577544
-0.00098448089019598228 0.0057339454553622105 -0.024149858803066186 0.08027694178026322
-0.00097180277793995629 0.0056762753261718757 -0.023971394062925616 0.079900996369995939
-0.00095965584242208024 0.005619345623536498 -0.023794722228595491 0.07952782544003513
-0.00094773639273171284 0.0055631351616820535 -0.023619820550791436 0.079157401154969428
-0.00093615267505242628 0.005507634091389324 -0.023446666719854639 0.078789696030831219
-0.00092501100164099626 0.0054528310189732032 -0.023275238813196271 0.078424682929423783
-0.00091280469411003651 0.0053986878849794362 -0.023105515342145579 0.078062335051903645
-0.00090109418044903578 0.0053452379489455915 -0.022937474903865544 0.077702625931643468
-0.00088994626344174321 0.0052924669610219244 -0.022771096199050187 0.077345529438602692
-0.00087917929738523526 0.0052403559671598821 -0.022606358422629168 0.076991019771808611
-0.00086837282674423477 0.0051888852970027877 -0.022443241228804874 0.076639071451433213
-0.00085840051150398722 0.0051380621500263235 -0.022281724578527496 0.076289659312353153
-0.00084735653723555515 0.0050878369195967998 -0.022121788847651307 0.075942758500980173
-0.00083660614478731077 0.0050382407316991173 -0.021963414566377706 0.075598344465512404
-0.00082629795764432856 0.0049892645225515508 -0.021806582292153306 0.075256392960754717
-0.00081643209497883618 0.004940894768032944 -0.021651272974523017 0.074916880042522088
-0.00080639975482199588 0.004893108606979002 -0.021497467985747802 0.074579782060990613
-0.00079737693658898934 0.0048459206200501814 -0.021345148966600131 0.074245075654135864
-0.00078762451005331968 0.0047992817645274854 -0.021194297963534545 0.073912737745869997
-0.00077760438728091685 0.0047532044758797909 -0.02104489728181351 0.073582745535290248
-0.00076810473240129795 0.0047076990865173585 -0.020896929176405607 0.073255076499248076
-0.00075894822683153507 0.0046627487172510307 -0.020750376156660241 0.07292970839137701
-0.0007500027258231512 0.0046183401125503565 -0.02060522112952947 0.072606619235157516
-0.00074103733305719288 0.0045744606547177824 -0.020461447319414974 0.072285787318416811
-0.00073288303994445414 0.0045311179900155985 -0.020319038175907966 0.071967191188901145
-0.00072377157323444408 0.0044882664101755232 -0.020177977518290251 0.071650809651653685
-0.00071486079087890175 0.0044459334143061024 -0.020038249299105009 0.071336621760127505
-0.00070629570032565425 0.0044041126941543052 -0.019899837459588763 0.071024606820813962
-0.00069808267238613553 0.0043627936489258889 -0.019762726244317578 0.070714744389029333
-0.00068991019304576184 0.0043219607498063972 -0.019626900233808454 0.070407014263656004
-0.00068208032223537884 0.0042816129921319224 -0.019492344265694177 0.070101396481902903
-0.00067440650775552058 0.0042417371501071166 -0.019359043430238566 0.069797871316493398
-0.00066614795551345196 0.0042023143440754751 -0.019226983094376641 0.069496419270598173
-0.00065815349631748177 0.0041633620400531868 -0.019096148672458887 0.069197021074246162
-0.00065043705058087653 0.0041248715098285427 -0.018966525654725033 0.068899657686393209
-0.00064300284191176615 0.0040868337715240788 -0.018838099814367047 0.068604310290526146
-0.00063556657687513507 0.0040492353835934747 -0.018710857208354022 0.06831096029021673
-0.00062847932514387139 0.0040120773270126975 -0.018584784105480645 0.068019589304699438
-0.00062158191278172126 0.0039753472505423826 -0.018459867001017222 0.067730179166659105
-0.00061405795088376181 0.0039390251115458685 -0.018336092659627799 0.067442711917383727
-0.00060676840269024979 0.0039031297510607743 -0.018213447874367739 0.06715716980318448
-0.00059982568851069118 0.0038676549615785927 -0.018091919480098282 0.066873535278046597
-0.00059306706896222749 0.0038325886013963473 -0.017971494588004403 0.066591790999716252
-0.00058635336324641685 0.0037979215257983867 -0.017852160569505421 0.06631191982498387
-0.00057978372967681935 0.003763650544873931 -0.017733904979853939 0.066033904806259786
-0.00057365017681831887 0.0037297740084065722 -0.01761671554661301 0.065757729189246467
-0.00056686436511199645 0.0036962642702482729 -0.017500580262788407 0.065483376409886399
-0.00056025553385552485 0.0036631405610800805 -0.017385487188204311 0.06521083008913349
-0.00055386343723284881 0.0036303969000071046 -0.017271424389079148 0.064940074036038589
-0.0005476905552086464 0.0035980261904566824 -0.017158380147651121 0.064671092244506054
-0.00054166836130775664 0.0035660202746703451 -0.017046342969742719 0.064403868889788246
-0.00053555536840121931 0.0035343694348959342 -0.016935301565916088 0.06413838832500382
-0.0005300913118162498 0.0035030830800528712 -0.016825244773542684 0.063874635078217598
-0.00052400340294411762 0.0034721277862026501 -0.016716161677763557 0.063612593851385707
-0.00051798425471361043 0.0034415206378166641 -0.016608041475999615 0.063352249513704106
-0.00051213772297842297 0.0034112587509143033 -0.016500873339066906 0.063093587104687959
-0.00050646782395347145 0.0033813361318595359 -0.016394646603972159 0.062836591831958152
-0.0005009764034014097 0.0033517467631487552 -0.016289350797964796 0.062581249068266231
-0.00049545080662483088 0.0033224813189478564 -0.016184975637693107 0.062327544348524312
-0.00049018253437793646 0.0032935417022190716 -0.016081510975484745 0.062075463366856279
-0.00048511884804725014 0.0032649199687984076 -0.015978946817701321 0.061824991975295999
-0.00047956499733459168 0.0032365990416349799 -0.015877273380332655 0.061576116180289631
-0.00047416229631380702 0.0032085935110821584 -0.015776480904176094 0.061328822139639548
-0.00046893822059246304 0.0031808984197039258 -0.015676559643792894 0.061083096164751348
-0.00046390547774421975 0.0031535082184489527 -0.015577500028787933 0.060838924717987984
-0.00045897642644376901 0.0031264156616755967 -0.015479292671481236 0.06059629440984661
-0.00045390182563664894 0.0030996123998245917 -0.015381928346428712 0.060355191996072248
-0.00044936881737100975 0.0030731086109340167 -0.01528539790656039 0.060115604375469797
-0.00044460291645975758 0.0030468810350202657 -0.015189692390020488 0.059877518589630759
-0.00043963397108370827 0.0030209310645664678 -0.015094802994577808 0.059640921817451349
-0.00043480100302417668 0.0029952644462710731 -0.015000720896347521 0.059405801375588749
-0.00043010500090190362 0.00296987640372115 -0.014907437340167435 0.059172144718683074
-0.00042554692782914572 0.0029447621999151297 -0.014814943720862355 0.058939939437003964
-0.00042111905712260977 0.0029199170016727116 -0.014723231581993786 0.058709173254116752
-0.00041653711893729906 0.0028953318279281159 -0.01463229261250093 0.05847983402456812
-0.00041250976323681243 0.0028710176507285023 -0.014542118573775836 0.058251909731656837
-0.00040813583029830625 0.0028469493492756515 -0.014452701403364814 0.058025388487385358
-0.00040367900899695996 0.0028231340427080642 -0.01436403316381003 0.057800258527036623
-0.00039933026847904785 0.0027995736035890673 -0.01427610588831207 0.057576508210648525
-0.00039509339488574824 0.0027762640420301299 -0.014188911691423896 0.057354126022468879
-0.00039096914653669046 0.0027532013079241136 -0.014102442815155537 0.057133100568967074
-0.00038695796406784666 0.0027303813800966248 -0.014016691628638283 0.056913420576839402
-0.00038287160926131492 0.002707797327570316 -0.013931650626987853 0.056695074891031066
-0.00037905386442105282 0.0026854534824477527 -0.01384731238404322 0.056478052472777027
-0.00037532527890959955 0.0026633407034913903 -0.013763669590058833 0.056262342399092224
-0.00037126570902046296 0.0026414489314680045 -0.013680715089519241 0.056047933859659178
-0.00036730707100218751 0.0026197879449628703 -0.013598441733537589 0.055834816155112189
-0.00036344972266988407 0.0025983540720692089 -0.013516842383991144 0.055622978698526636
-0.0003597341658547748 0.0025771443033336672 -0.013435910017766327 0.055412411013613237
-0.00035607849702046224 0.0025561531316525832 -0.013355637735459407 0.055203102732929631
-0.00035247135653548867 0.0025353774637797422 -0.0132760187497757 0.054995043595804566
-0.00034878993358233856 0.0025148126718909092 -0.013197046361764423 0.054788223446906419
-0.00034557778090515967 0.002494466465273959 -0.013118713927144969 0.054582632234913317
-0.00034197306496253077 0.002474316207688898 -0.013041014958831408 0.054378260012128934
-0.00033837874332220963 0.0024543724375687415 -0.012963943045894568 0.054175096929978871
-0.00033487084800754019 0.0024346343102329415 -0.012887491743214187 0.053973133241095192
-0.00033144960585218541 0.0024150986435682587 -0.012811654687753787 0.053772359298318709
-0.00032811541281319023 0.0023957622891526142 -0.012736425616084065 0.053572765553134928
-0.00032486847126733664 0.002376622123549943 -0.012661798363453915 0.053374342554125272
-0.00032157326144499621 0.0023576729332772661 -0.012587766862867833 0.053177080945432068
-0.00031844180581686032 0.0023389170613676846 -0.012514325110994016 0.052980971465238592
-0.00031544517210591039 0.0023203498202097883 -0.01244146718657077 0.05278600494529341
-0.00031217824292184559 0.0023019611375661997 -0.01236918729363363 0.052592172308830731
-0.00030897847081234886 0.0022837588412176757 -0.012297479654258699 0.052399464568733067
-0.00030585004599004151 0.0022657403079560101 -0.012226338493061574 0.052207872828786792
-0.00030279296009894097 0.0022479028128075118 -0.012155758119702102 0.052017388282362242
-0.00029980740232815606 0.0022302436629376698 -0.012085732928989438 0.051828002211076078
-0.00029689343645600275 0.0022127601891722692 -0.012016257400022387 0.051639705983467912
-0.00029392942076356121 0.0021954478479055961 -0.011947326095358157 0.051452491053689542
-0.00029110825136058338 0.0021783089169730152 -0.011878933630448582 0.051266348960207556
-0.00028845494678364503 0.0021613400776104852 -0.011811074690844464 0.051081271325442379
-0.00028551291862299877 0.0021445301393862026 -0.011743744084132113 0.050897249853947023
-0.00028262898558750749 0.0021278875620402982 -0.011676936633183487 0.05071427633041567
-0.00027981046869740567 0.0021114101064633184 -0.011610647150521279 0.050532342621177485
-0.000277080724544021 0.0020950956955292366 -0.011544870524002427 0.050351440673041384
-0.00027439448287225332 0.0020789408444704671 -0.011479601723500937 0.050171562512097305
-0.00027176831630981724 0.0020629437634033243 -0.01141483579463287 0.049992700242352826
-0.00026913964761376974 0.002047101190667866 -0.011350567851086313 0.049814846044727572
-0.00026650703441077894 0.0020314118102279233 -0.011286793062643284 0.049637992175932198
-0.00026418645458647916 0.0020158793005257136 -0.011223506639155506 0.049462130967833723
-0.00026156831280843562 0.0020004880080234377 -0.011160703906952495 0.049287254826837927
-0.00025897603912028444 0.0019852463427415534 -0.01109838023505587 0.049113356230880451
-0.00025643852868029171 0.0019701530760404262 -0.011036530966561349 0.04894042773107541
-0.0002539558704341971 0.0019552060995515763 -0.010975151504123086 0.048768461950890865
-0.00025152803782191313 0.0019404033233074713 -0.01091423731634689 0.048597451585113326
-0.00024915508168987799 0.0019257426802812283 -0.010853783937130608 0.048427389398822192
-0.00024683176945927698 0.0019112220411553471 -0.010793786965003915 0.04825826822637487
-0.00024440011642923309 0.0018968369915103311 -0.010734242061205207 0.048090080970401849
-0.00024228225476008447 0.0018825946422919015 -0.010675144909212035 0.047922820600851693
-0.00024002541843515246 0.0018684819033791822 -0.010616491279463725 0.047756480155244391
-0.00023768604762608447 0.0018545007021188997 -0.010558277019850144 0.047591052735718155
-0.00023539213445644691 0.0018406531985485364 -0.01050049795936959 0.047426531509543159
-0.00023314360583981397 0.0018269375702991697 -0.010443149953263427 0.047262909709200579
-0.00023094040345483791 0.0018133520146235149 -0.01038622891366851 0.047100180631488811
-0.00022878250251778809 0.0017998947482240624 -0.010329730809014837 0.04693833763663921
-0.00022666982813746017 0.0017865640051966114 -0.010273651663442296 0.046777374147441132
-0.00022458414383663694 0.0017733577545906432 -0.010217987556220432 0.046617283648375904
-0.00022240836135267728 0.0017602727201091461 -0.010162734616729199 0.046458059684759995
-0.00022056959036831358 0.0017473159524556969 -0.010107888990974825 0.046299695862035091
-0.00021851156198238186 0.0017344725297332442 -0.01005344691745353 0.046142185845953601
-0.00021641837980723722 0.0017217477621256361 -0.0099994046935473029 0.045985523359520386
-0.00021436318273515553 0.0017091423527321181 -0.0099457585855363979 0.045829702184187845
-0.00021236722012929476 0.0016966550666558389 -0.009892504891297749 0.045674716159640402
-0.00021040316767084732 0.0016842835969429482 -0.0098396399628623097 0.045520559183025604
-0.00020847560389825048 0.0016720265762079078 -0.009787160204340414 0.045367225208031527
-0.00020658547963137153 0.0016598825235796255 -0.0097350620659266175 0.045214708244180724
-0.0002047245170615497 0.0016478498138527975 -0.0096833420447890936 0.045063002356096289
-0.00020276932723106711 0.0016359251657266372 -0.0096319966828208366 0.044912101662767864
-0.0002011081948296578 0.0016241152134160997 -0.0095810225340827223 0.044762000336887604
-0.00019929647106664561 0.0016124075663795923 -0.0095304162297046042 0.044612692605128956
-0.00019742799625532825 0.0016008051784618393 -0.0094801744623502614 0.044464172745475129
-0.00019559417506798127 0.0015893094977657007 -0.009430293901106522 0.044316435087949642
-0.00019379498650096139 0.0015779191292790706 -0.0093807712367537863 0.044169474014626391
-0.00019203040172044439 0.0015666326916404794 -0.0093316032036511922 0.044023283958945329
-0.00019029940962411729 0.0015554488018719725 -0.0092827865793043123 0.043877859405034914
-0.00018860462547820589 0.0015443661624156002 -0.0092343181836962215 0.043733194887041291
-0.00018694819371489757 0.0015333834407250668 -0.0091861948792741604 0.043589284988471609
-0.00018522507008356115 0.0015224976093467513 -0.0091384135716980706 0.04344612434152377
-0.00018361868791316738 0.0015117117858641782 -0.0090909711842991122 0.043303707626406326
-0.00018210057675105418 0.0015010229367162786 -0.0090438646773345413 0.043162029571462167
-0.0001804267692762096 0.0014904251271065094 -0.0089970910850080219 0.043021084951898152
-0.00017878048842590033 0.0014799228905828521 -0.0089506474482985987 0.042880868588743445
-0.00017716296582648283 0.0014695150654876477 -0.0089045308007084292 0.042741375349669798
-0.00017557416227020894 0.0014592004623965593 -0.0088587382129435531 0.042602600148412183
-0.00017401404525685393 0.0014489779038022732 -0.0088132667928507921 0.042464537944185553
-0.00017248239180389646 0.001438846220792267 -0.0087681136850502727 0.042327183741107402
-0.00017097923642950263 0.0014288042628632924 -0.0087232760705273239 0.042190532587626006
-0.00016950114223845958 0.0014188508355139628 -0.008678751166245776 0.042054579575955729
-0.00016793750609167546 0.0014089831335832859 -0.0086345362239803776 0.041919319841517359
-0.00016660969731674413 0.001399206822115695 -0.0085906285021589927 0.041784748562409768
-0.00016519166965167642 0.001389512472364518 -0.0085470253175547791 0.041650860959726033
-0.00016368686678447375 0.0013799008896886455 -0.0085037240427858068 0.041517652295426477
-0.00016223529280523508 0.0013703749514567543 -0.0084607220278249216 0.041385117872707752
-0.00016080111127791952 0.0013609326142161038 -0.0084180166352692438 0.041253253036341593
-0.00015939081492888363 0.0013515730642947865 -0.0083756052653264149 0.041122053171946969
-0.00015800435141954949 0.0013422952936764654 -0.0083334853483867325 0.040991513705541188
-0.00015664164740769593 0.0013330983040924504 -0.0082916543463026661 0.040861630103045811
-0.00015530250799145051 0.0013239811056626749 -0.0082501097520688745 0.040732397869797515
-0.00015398655700948893 0.0013149427177301387 -0.0082088490894710112 0.040603812550064011
-0.0001525999375360243 0.0013059807137294488 -0.008167869912664754 0.040475869726565875
-0.0001513849480971885 0.0012970993802065012 -0.0081271697828930855 0.040348565020005611
-0.0001501500085510088 0.0012882924703058185 -0.0080867463049091644 0.04022189408931353
-0.00014882428058626829 0.0012795586189705555 -0.0080465971383629018 0.04009585263005138
-0.00014752042761756456 0.0012709004260335055 -0.0080067199336787045 0.039970436374285843
-0.00014623837626004388 0.0012623169778192 -0.0079671123425533522 0.039845641091000666
-0.00014497479084241149 0.0012538073190914156 -0.0079277720451822378 0.039721462585649049
-0.00014374045932186164 0.0012453707750766929 -0.0078886967491687675 0.039597896699710651
-0.00014252752062304808 0.0012370062202833321 -0.007849884191104349 0.039474939310277936
-0.00014132799725530276 0.0012287126581529972 -0.0078113321369943896 0.039352586329564336
-0.00014014983081267474 0.0012204894721294379 -0.0077730383781438482 0.039230833704476581
-0.00013895762135973655 0.0012123352521180575 -0.0077350007309416671 0.039109677416251439
-0.00013776193443959528 0.0012042498616413044 -0.0076972170299145588 0.038989113480035378
-0.00013673503669764386 0.0011962355295979665 -0.0076596851215925939 0.038869137944736766
-0.00013556380874035767 0.0011882842390640858 -0.0076224029090246137 0.038749746892798954
-0.00013439829488959276 0.0011804000846917795 -0.0075853683164528417 0.038630936438667357
-0.00013325098380789768 0.0011725826725113575 -0.0075485792500573643 0.0385127027296484
-0.00013212175890942035 0.0011648312234244229 -0.0075120336374767905 0.038395041945620621
-0.0001310105461556077 0.0011571449676915369 -0.0074757294306111661 0.03827795029865344
-0.00012991725141375809 0.0011495231432027686 -0.0074396646053606656 0.038161424032630197
-0.00012884184076256133 0.0011419649969592882 -0.0074038371613724535 0.038045459422875086
-0.00012778412736480504 0.0011344697807251225 -0.0073682451218000664 0.037930052775784109
-0.00012674419400582337 0.0011270367599208186 -0.0073328865330425661 0.037815200428459532
-0.00012566528161528367 0.001119664316985014 -0.0072977594645152596 0.037700898748348977
-0.00012465746350187601 0.0011123543259049518 -0.0072628619946106619 0.037587144132887058
-0.00012371478582196005 0.0011051051422190095 -0.007228192223779282 0.03747393300957113
-0.00012267039674185298 0.0010979127137666356 -0.0071937482995003349 0.037361261835200235
-0.00012164052497354305 0.001090780006966996 -0.0071595283736771162 0.03724912709516625
-0.00012062584654870534 0.0010837063724374318 -0.0071255305906407747 0.037137525304018405
-0.00011962626416561761 0.0010766911439711313 -0.0070917531155108068 0.03702645300513964
-0.00011864167115049895 0.0010697336624812537 -0.0070581941341544075 0.036915906770420621
-0.00011767202268231358 0.00106283327718526 -0.0070248518529571046 0.036805883199937342
-0.00011671725600592708 0.001055989343325181 -0.0069917244986085533 0.036696378921632307
-0.00011577724461631078 0.0010492012216641311 -0.0069588103179011292 0.036587390590998824
-0.00011485189460813672 0.0010424682809114794 -0.0069261075775107084 0.036478914890768488
-0.00011391076325395488 0.0010357894224331532 -0.0068936145637722218 0.036370948530602319
-0.00011297056466474942 0.0010291647609757537 -0.0068613295750559909 0.036263488246785262
-0.00011217005498309618 0.0010225960603643114 -0.0068292509183882901 0.036156530802154481
-0.00011124770513504245 0.0010160766854025449 -0.006797376947303895 0.036050072985901162
-0.000110330652951518 0.0010096101453961892 -0.0067657060311378499 0.035944111612320244
-0.00010942055776297366 0.0010031960063750511 -0.0067342365226779237 0.035838643521557578
-0.00010853579934178015 0.00099683407375861233 -0.0067029667894887828 0.035733665579384427
-0.00010766037330256495 0.00099052333520727176 -0.0066718952186774838 0.035629174676961237
-0.00010679686417347511 0.00098426332319478949 -0.0066410202172647332 0.035525167730463804
-0.00010594577878464406 0.00097805350197105456 -0.0066103402087743972 0.035421641680834226
-0.00010510702621502332 0.00097189332317648702 -0.0065798536338437467 0.035318593493514308
0.00014258775046727123 0.0009619249278041142 -0.0065495589501796975 0.035216020158177368
